   71      0.260     9.000     4.600    14.00     0
   72      0.380     6.000     4.100    14.00     0
   55      0.260     4.000     3.420    14.00     0
   60      0.253    12.062     4.603    16.00     0
   57      0.160    22.000     5.750    18.00     0
   68      0.260     5.000     4.310    12.00     0
   62      0.230    31.000     5.430    22.50     0
   60      0.330     8.000     5.250    14.00     0
   46      0.340     0.000     5.090    16.00     0
   54      0.140    13.000     4.490    15.50     0
   77      0.130    16.000     4.230    18.00     1
   62      0.450     9.000     3.600    16.00     0
   73      0.330     6.000     4.000    14.00     0
   60      0.150    10.000     3.730    14.00     0
   62      0.120    23.000     5.800    11.67     1
   55      0.250    12.063     4.290    14.00     0
   69      0.260    11.000     4.650    18.00     1
   62      0.070    20.000     5.200    24.00     1
   66      0.090    17.000     5.819     8.00     0
   66      0.220    15.000     5.400    27.00     1
   69      0.150    12.000     5.390    19.50     1
   85      0.180    19.000     5.460    13.83     1
   73      0.230    12.733     6.060     7.50     1
   71      0.170     0.000     4.650     8.00     1
   55      0.210     4.200     4.160    14.00     0
   61      0.610    13.100     4.070    13.00     0
   54      0.350     9.300     3.630    11.00     0
   70      0.270     4.700     4.490    22.00     0
   79      0.150    17.500     4.270    13.00     0
   59      0.030    21.300     6.290    17.00     0
   58      0.300     9.400     3.490    14.00     0
   60      0.010    24.600     5.650    39.00     1
   66      0.290    15.600     6.150    14.00     0
   63      0.150    13.000     4.570    13.00     0
   57      0.130    18.600     4.370    12.33     0
   70      0.100     9.800     5.300    23.00     0
   79      0.170    11.900     5.150    10.50     0
   72      0.187    12.000     5.020    13.00     0
   51      0.160    13.200     5.260    11.00     0
   70      0.250     9.700     5.570     5.50     0
   65      0.360     8.800     5.780    12.00     0
   78      0.060    16.100     5.620    13.67     0
   86      0.225    12.200     5.200    24.00     1
   56      0.250    11.000     4.720    11.00     0
   60      0.120    10.200     4.310    15.00     0
   59      0.290     7.500     4.750    13.00     0
   54      0.217    17.900     4.540    16.50     0
   64      0.200     7.100     4.580    14.00     0
   54      0.070    16.800     4.160    18.00     0
   78      0.050    10.000     4.440    15.00     1
   55      0.280     5.500     4.480    22.00     0
   59      0.344     9.100     4.040     9.00     0
   74      0.200     4.800     4.560    12.50     0
   65      0.160     8.500     5.470    16.00     1
   58      0.170    28.900     6.730    26.08     1
   70      0.380     0.000     4.550    10.00     0
   63      0.300     6.900     3.520    18.16     1
   59      0.170    14.300     5.490    13.50     0
   57      0.228     9.700     4.290    11.00     0
   78      0.230    40.000     6.230    14.00     1
   62      0.260     7.600     4.420    14.00     1